%YAML:1.0
---
image_width: 3840
image_height: 2160
camera_matrix: !!opencv-matrix
   rows: 3
   cols: 3
   dt: d
   data: [ 3.4457099286366551e+03, 0., 1.9675337569986157e+03, 0.,
       3.4562086175406657e+03, 1.1615081913636291e+03, 0., 0., 1. ]
distortion_coefficients: !!opencv-matrix
   rows: 1
   cols: 12
   dt: d
   data: [ -2.7690483998300604e-02, 3.0291831405816732e+00,
       -1.2003223119179735e-04, -1.1882363978498139e-03,
       1.6555301485366458e+00, 4.1807712401812247e-01,
       2.8396709858909732e+00, 3.3611061034450933e+00,
       1.4701045258469755e-02, -1.5766082607756222e-03,
       -1.4543745779429386e-02, 6.6002267763488670e-03 ]
rms: 6.5474815226887995e-01
avg_reprojection_error_px: 6.5474646037818773e-01