%YAML:1.0
---
camera_matrix: !!opencv-matrix
   rows: 3
   cols: 3
   dt: d
   data: [ 6.9621534236135483e+02, 0., 9.4505631067194486e+02, 0.,
       6.9225306834370008e+02, 5.6567884406393978e+02, 0., 0., 1. ]
distortion_coefficients: !!opencv-matrix
   rows: 1
   cols: 5
   dt: d
   data: [ 1.1433876496720796e-02, -2.7789978730337634e-02,
       3.1438848850616863e-03, -5.4887512086390774e-04,
       1.6006631038365834e-03 ]
