%YAML:1.0
---
camera_matrix: !!opencv-matrix
   rows: 3
   cols: 3
   dt: d
   data: [ 4.5733917579215012e+02, 0., 6.3759228700046697e+02, 0.,
       4.5381772548019694e+02, 3.7490978642436022e+02, 0., 0., 1. ]
distortion_coefficients: !!opencv-matrix
   rows: 1
   cols: 5
   dt: d
   data: [ -2.4147899430201836e-02, -1.8722010568251558e-02,
       1.8197675197277304e-03, -4.4101147737788022e-04,
       4.1270620628581195e-02 ]
