%YAML:1.0
---
camera_matrix: !!opencv-matrix
   rows: 3
   cols: 3
   dt: d
   data: [ 975.80705991118339, 0., 848.51703621276897, 0.,
       963.66987470228889, 595.42928074538247, 0., 0., 1. ]
distortion_coefficients: !!opencv-matrix
   rows: 1
   cols: 5
   dt: d
   data: [ -0.053334910171216394, 0.23758121685750616,
       0.0019904662851026366, -0.012961122511053198,
       -0.25570535499004721 ]
